776.0 1357.0 819.0 1357.0 819.0 1397.0 776.0 1397.0 small-vehicle 0
1114.0 720.0 1296.0 720.0 1296.0 770.0 1114.0 770.0 large-vehicle 0
1487.0 970.0 1605.0 970.0 1605.0 1060.0 1487.0 1060.0 large-vehicle 0
1409.0 959.0 1578.0 959.0 1578.0 1079.0 1409.0 1079.0 large-vehicle 0
1396.0 988.0 1568.0 988.0 1568.0 1109.0 1396.0 1109.0 large-vehicle 0
1381.0 1015.0 1540.0 1015.0 1540.0 1132.0 1381.0 1132.0 large-vehicle 0
1361.0 1036.0 1532.0 1036.0 1532.0 1160.0 1361.0 1160.0 large-vehicle 0
1328.0 1089.0 1505.0 1089.0 1505.0 1215.0 1328.0 1215.0 large-vehicle 0
1314.0 1115.0 1487.0 1115.0 1487.0 1241.0 1314.0 1241.0 large-vehicle 0
1346.0 1174.0 1472.0 1174.0 1472.0 1265.0 1346.0 1265.0 large-vehicle 0
1281.0 1171.0 1448.0 1171.0 1448.0 1288.0 1281.0 1288.0 large-vehicle 0
1270.0 1198.0 1436.0 1198.0 1436.0 1317.0 1270.0 1317.0 large-vehicle 0
1054.0 1018.0 1095.0 1018.0 1095.0 1052.0 1054.0 1052.0 small-vehicle 0
1017.0 1048.0 1062.0 1048.0 1062.0 1087.0 1017.0 1087.0 small-vehicle 0
952.0 1138.0 1003.0 1138.0 1003.0 1182.0 952.0 1182.0 small-vehicle 0
940.0 1162.0 991.0 1162.0 991.0 1204.0 940.0 1204.0 small-vehicle 0
937.0 997.0 997.0 997.0 997.0 1023.0 937.0 1023.0 small-vehicle 0
950.0 937.0 1140.0 937.0 1140.0 983.0 950.0 983.0 large-vehicle 0
990.0 900.0 1173.0 900.0 1173.0 946.0 990.0 946.0 large-vehicle 0
1014.0 863.0 1186.0 863.0 1186.0 910.0 1014.0 910.0 large-vehicle 0
1057.0 821.0 1236.0 821.0 1236.0 871.0 1057.0 871.0 large-vehicle 0
1065.0 793.0 1241.0 793.0 1241.0 830.0 1065.0 830.0 large-vehicle 0
1146.0 688.0 1320.0 688.0 1320.0 732.0 1146.0 732.0 large-vehicle 0
572.0 1214.0 644.0 1214.0 644.0 1276.0 572.0 1276.0 small-vehicle 0
1175.0 595.0 1360.0 595.0 1360.0 650.0 1175.0 650.0 large-vehicle 0
1553.0 760.0 1716.0 760.0 1716.0 878.0 1553.0 878.0 large-vehicle 0
1575.0 735.0 1735.0 735.0 1735.0 851.0 1575.0 851.0 large-vehicle 0
1639.0 745.0 1754.0 745.0 1754.0 831.0 1639.0 831.0 large-vehicle 0
1643.0 709.0 1761.0 709.0 1761.0 800.0 1643.0 800.0 large-vehicle 0
1634.0 666.0 1797.0 666.0 1797.0 790.0 1634.0 790.0 large-vehicle 0
1639.0 629.0 1804.0 629.0 1804.0 752.0 1639.0 752.0 large-vehicle 0
1685.0 625.0 1801.0 625.0 1801.0 711.0 1685.0 711.0 large-vehicle 0
1726.0 613.0 1839.0 613.0 1839.0 699.0 1726.0 699.0 large-vehicle 0
1710.0 573.0 1875.0 573.0 1875.0 688.0 1710.0 688.0 large-vehicle 0
1742.0 514.0 1915.0 514.0 1915.0 644.0 1742.0 644.0 large-vehicle 0
1745.0 482.0 1908.0 482.0 1908.0 602.0 1745.0 602.0 large-vehicle 0
1772.0 460.0 1941.0 460.0 1941.0 582.0 1772.0 582.0 large-vehicle 0
1799.0 434.0 1965.0 434.0 1965.0 551.0 1799.0 551.0 large-vehicle 0
1815.0 407.0 1980.0 407.0 1980.0 517.0 1815.0 517.0 large-vehicle 0
1836.0 377.0 2007.0 377.0 2007.0 485.0 1836.0 485.0 large-vehicle 0
1618.0 116.0 1680.0 116.0 1680.0 189.0 1618.0 189.0 small-vehicle 0
1426.0 36.0 1483.0 36.0 1483.0 77.0 1426.0 77.0 small-vehicle 1
1451.0 37.0 1514.0 37.0 1514.0 94.0 1451.0 94.0 small-vehicle 1
1301.0 516.0 1425.0 516.0 1425.0 561.0 1301.0 561.0 large-vehicle 0
792.0 1240.0 826.0 1240.0 826.0 1292.0 792.0 1292.0 small-vehicle 0
849.0 1110.0 915.0 1110.0 915.0 1295.0 849.0 1295.0 large-vehicle 0
831.0 1039.0 884.0 1039.0 884.0 1112.0 831.0 1112.0 large-vehicle 0
750.0 1115.0 845.0 1115.0 845.0 1239.0 750.0 1239.0 large-vehicle 0
707.0 772.0 881.0 772.0 881.0 864.0 707.0 864.0 large-vehicle 0
741.0 720.0 914.0 720.0 914.0 802.0 741.0 802.0 large-vehicle 0
756.0 686.0 929.0 686.0 929.0 777.0 756.0 777.0 large-vehicle 0
777.0 665.0 956.0 665.0 956.0 750.0 777.0 750.0 large-vehicle 0
720.0 435.0 839.0 435.0 839.0 600.0 720.0 600.0 large-vehicle 0
850.0 412.0 885.0 412.0 885.0 454.0 850.0 454.0 small-vehicle 0
797.0 378.0 836.0 378.0 836.0 422.0 797.0 422.0 small-vehicle 0
664.0 408.0 774.0 408.0 774.0 572.0 664.0 572.0 large-vehicle 0
639.0 392.0 753.0 392.0 753.0 559.0 639.0 559.0 large-vehicle 0
608.0 384.0 726.0 384.0 726.0 551.0 608.0 551.0 large-vehicle 0
584.0 361.0 704.0 361.0 704.0 528.0 584.0 528.0 large-vehicle 0
483.0 336.0 604.0 336.0 604.0 508.0 483.0 508.0 large-vehicle 0
169.0 766.0 262.0 766.0 262.0 881.0 169.0 881.0 large-vehicle 0
122.0 733.0 207.0 733.0 207.0 849.0 122.0 849.0 large-vehicle 0
99.0 707.0 195.0 707.0 195.0 827.0 99.0 827.0 large-vehicle 0
84.0 680.0 173.0 680.0 173.0 799.0 84.0 799.0 large-vehicle 0
475.0 127.0 600.0 127.0 600.0 288.0 475.0 288.0 large-vehicle 0
46.0 49.0 70.0 49.0 70.0 87.0 46.0 87.0 small-vehicle 1
45.0 69.0 99.0 69.0 99.0 141.0 45.0 141.0 small-vehicle 0
692.0 801.0 862.0 801.0 862.0 888.0 692.0 888.0 large-vehicle 0
281.0 673.0 397.0 673.0 397.0 838.0 281.0 838.0 large-vehicle 0
246.0 838.0 322.0 838.0 322.0 928.0 246.0 928.0 large-vehicle 0
498.0 946.0 543.0 946.0 543.0 1000.0 498.0 1000.0 small-vehicle 0
790.0 1071.0 828.0 1071.0 828.0 1121.0 790.0 1121.0 small-vehicle 0
736.0 1128.0 794.0 1128.0 794.0 1200.0 736.0 1200.0 large-vehicle 0
688.0 1057.0 799.0 1057.0 799.0 1226.0 688.0 1226.0 large-vehicle 0
658.0 1049.0 773.0 1049.0 773.0 1207.0 658.0 1207.0 large-vehicle 0
617.0 1071.0 685.0 1071.0 685.0 1151.0 617.0 1151.0 small-vehicle 0
720.0 1004.0 760.0 1004.0 760.0 1046.0 720.0 1046.0 small-vehicle 0
650.0 954.0 677.0 954.0 677.0 998.0 650.0 998.0 small-vehicle 0
527.0 962.0 643.0 962.0 643.0 1127.0 527.0 1127.0 large-vehicle 0
424.0 892.0 540.0 892.0 540.0 1057.0 424.0 1057.0 large-vehicle 0
231.0 855.0 267.0 855.0 267.0 897.0 231.0 897.0 small-vehicle 0
400.0 881.0 516.0 881.0 516.0 1041.0 400.0 1041.0 large-vehicle 0
377.0 864.0 490.0 864.0 490.0 1025.0 377.0 1025.0 large-vehicle 0
347.0 840.0 466.0 840.0 466.0 1005.0 347.0 1005.0 large-vehicle 0
325.0 818.0 442.0 818.0 442.0 981.0 325.0 981.0 large-vehicle 0
307.0 881.0 369.0 881.0 369.0 952.0 307.0 952.0 small-vehicle 0
357.0 835.0 394.0 835.0 394.0 878.0 357.0 878.0 small-vehicle 0
278.0 787.0 391.0 787.0 391.0 950.0 278.0 950.0 large-vehicle 0
308.0 787.0 351.0 787.0 351.0 838.0 308.0 838.0 small-vehicle 0
1532.0 787.0 1706.0 787.0 1706.0 905.0 1532.0 905.0 large-vehicle 0
1520.0 813.0 1687.0 813.0 1687.0 928.0 1520.0 928.0 large-vehicle 0
1548.0 867.0 1667.0 867.0 1667.0 958.0 1548.0 958.0 large-vehicle 0
2416.0 1020.0 2538.0 1020.0 2538.0 1108.0 2416.0 1108.0 large-vehicle 0
152.0 1791.0 290.0 1791.0 290.0 1887.0 152.0 1887.0 large-vehicle 0
137.0 1813.0 273.0 1813.0 273.0 1905.0 137.0 1905.0 large-vehicle 0
46.0 1102.0 181.0 1102.0 181.0 1188.0 46.0 1188.0 large-vehicle 0
1955.0 1606.0 2128.0 1606.0 2128.0 1722.0 1955.0 1722.0 large-vehicle 0
2008.0 1518.0 2178.0 1518.0 2178.0 1632.0 2008.0 1632.0 large-vehicle 0
2076.0 1482.0 2148.0 1482.0 2148.0 1541.0 2076.0 1541.0 small-vehicle 1
2192.0 1245.0 2371.0 1245.0 2371.0 1351.0 2192.0 1351.0 large-vehicle 0
2225.0 1187.0 2392.0 1187.0 2392.0 1302.0 2225.0 1302.0 large-vehicle 0
2240.0 1155.0 2418.0 1155.0 2418.0 1278.0 2240.0 1278.0 large-vehicle 0
2208.0 1216.0 2251.0 1216.0 2251.0 1252.0 2208.0 1252.0 small-vehicle 0
2032.0 1612.0 2148.0 1612.0 2148.0 1698.0 2032.0 1698.0 large-vehicle 0
2090.0 1525.0 2212.0 1525.0 2212.0 1609.0 2090.0 1609.0 large-vehicle 0
2181.0 1379.0 2305.0 1379.0 2305.0 1462.0 2181.0 1462.0 large-vehicle 0
2227.0 1332.0 2349.0 1332.0 2349.0 1409.0 2227.0 1409.0 large-vehicle 0
2229.0 1295.0 2360.0 1295.0 2360.0 1381.0 2229.0 1381.0 large-vehicle 0
2262.0 1128.0 2440.0 1128.0 2440.0 1239.0 2262.0 1239.0 large-vehicle 0
2340.0 1125.0 2464.0 1125.0 2464.0 1217.0 2340.0 1217.0 large-vehicle 0
2331.0 1083.0 2375.0 1083.0 2375.0 1120.0 2331.0 1120.0 small-vehicle 0
2340.0 1056.0 2520.0 1056.0 2520.0 1178.0 2340.0 1178.0 large-vehicle 0
188.0 1775.0 325.0 1775.0 325.0 1876.0 188.0 1876.0 large-vehicle 0
221.0 1680.0 265.0 1680.0 265.0 1726.0 221.0 1726.0 small-vehicle 0
292.0 1384.0 346.0 1384.0 346.0 1451.0 292.0 1451.0 small-vehicle 0
37.0 1438.0 164.0 1438.0 164.0 1532.0 37.0 1532.0 large-vehicle 0
249.0 1777.0 355.0 1777.0 355.0 1859.0 249.0 1859.0 large-vehicle 0
84.0 1338.0 192.0 1338.0 192.0 1421.0 84.0 1421.0 large-vehicle 0
77.0 1365.0 186.0 1365.0 186.0 1449.0 77.0 1449.0 large-vehicle 0
2547.0 1691.0 2580.0 1691.0 2580.0 1734.0 2547.0 1734.0 small-vehicle 0
364.0 1649.0 427.0 1649.0 427.0 1701.0 364.0 1701.0 small-vehicle 0
850.0 454.0 893.0 454.0 893.0 499.0 850.0 499.0 small-vehicle 0
1283.0 654.0 1326.0 654.0 1326.0 679.0 1283.0 679.0 small-vehicle 0
227.0 1298.0 254.0 1298.0 254.0 1384.0 227.0 1384.0 large-vehicle 0
24.0 1460.0 161.0 1460.0 161.0 1564.0 24.0 1564.0 large-vehicle 0
435.0 1456.0 478.0 1456.0 478.0 1509.0 435.0 1509.0 small-vehicle 0
59.0 1385.0 217.0 1385.0 217.0 1498.0 59.0 1498.0 large-vehicle 0
197.0 1405.0 258.0 1405.0 258.0 1509.0 197.0 1509.0 large-vehicle 0
295.0 1720.0 433.0 1720.0 433.0 1814.0 295.0 1814.0 large-vehicle 0
296.0 1680.0 432.0 1680.0 432.0 1774.0 296.0 1774.0 large-vehicle 0
497.0 1599.0 546.0 1599.0 546.0 1644.0 497.0 1644.0 small-vehicle 0
651.0 1271.0 719.0 1271.0 719.0 1332.0 651.0 1332.0 small-vehicle 0
516.0 1511.0 570.0 1511.0 570.0 1571.0 516.0 1571.0 small-vehicle 0
456.0 1471.0 499.0 1471.0 499.0 1520.0 456.0 1520.0 small-vehicle 0
2359.0 1029.0 2538.0 1029.0 2538.0 1147.0 2359.0 1147.0 large-vehicle 0
2386.0 960.0 2555.0 960.0 2555.0 1076.0 2386.0 1076.0 large-vehicle 0
1537.0 895.0 1654.0 895.0 1654.0 986.0 1537.0 986.0 large-vehicle 0
2479.0 948.0 2553.0 948.0 2553.0 1007.0 2479.0 1007.0 large-vehicle 1
1936.0 1037.0 2048.0 1037.0 2048.0 1126.0 1936.0 1126.0 large-vehicle 0
1925.0 1067.0 2052.0 1067.0 2052.0 1159.0 1925.0 1159.0 large-vehicle 0
1860.0 1061.0 2031.0 1061.0 2031.0 1185.0 1860.0 1185.0 large-vehicle 0
1870.0 1145.0 1999.0 1145.0 1999.0 1237.0 1870.0 1237.0 large-vehicle 0
1858.0 1175.0 1977.0 1175.0 1977.0 1262.0 1858.0 1262.0 large-vehicle 0
1832.0 1189.0 1944.0 1189.0 1944.0 1275.0 1832.0 1275.0 large-vehicle 0
1816.0 1217.0 1932.0 1217.0 1932.0 1304.0 1816.0 1304.0 large-vehicle 0
1786.0 1235.0 1905.0 1235.0 1905.0 1322.0 1786.0 1322.0 large-vehicle 0
1787.0 1269.0 1904.0 1269.0 1904.0 1357.0 1787.0 1357.0 large-vehicle 1
1776.0 1298.0 1904.0 1298.0 1904.0 1389.0 1776.0 1389.0 large-vehicle 0
1768.0 1330.0 1884.0 1330.0 1884.0 1416.0 1768.0 1416.0 large-vehicle 0
1724.0 1341.0 1845.0 1341.0 1845.0 1430.0 1724.0 1430.0 large-vehicle 0
1717.0 1372.0 1836.0 1372.0 1836.0 1459.0 1717.0 1459.0 large-vehicle 0
1682.0 1424.0 1811.0 1424.0 1811.0 1516.0 1682.0 1516.0 large-vehicle 0
1666.0 1446.0 1796.0 1446.0 1796.0 1542.0 1666.0 1542.0 large-vehicle 0
1724.0 1522.0 1798.0 1522.0 1798.0 1581.0 1724.0 1581.0 large-vehicle 0
1654.0 1478.0 1730.0 1478.0 1730.0 1540.0 1654.0 1540.0 large-vehicle 0
1445.0 911.0 1615.0 911.0 1615.0 1026.0 1445.0 1026.0 large-vehicle 0
1506.0 911.0 1545.0 911.0 1545.0 945.0 1506.0 945.0 small-vehicle 0
1961.0 1020.0 2082.0 1020.0 2082.0 1110.0 1961.0 1110.0 large-vehicle 0
1920.0 957.0 2088.0 957.0 2088.0 1074.0 1920.0 1074.0 large-vehicle 0
2017.0 942.0 2139.0 942.0 2139.0 1032.0 2017.0 1032.0 large-vehicle 0
2207.0 629.0 2322.0 629.0 2322.0 716.0 2207.0 716.0 large-vehicle 0
2494.0 898.0 2609.0 898.0 2609.0 988.0 2494.0 988.0 large-vehicle 0
2497.0 852.0 2542.0 852.0 2542.0 890.0 2497.0 890.0 small-vehicle 0
2529.0 830.0 2646.0 830.0 2646.0 918.0 2529.0 918.0 large-vehicle 0
2565.0 777.0 2697.0 777.0 2697.0 872.0 2565.0 872.0 large-vehicle 0
2554.0 695.0 2726.0 695.0 2726.0 826.0 2554.0 826.0 large-vehicle 0
2225.0 493.0 2407.0 493.0 2407.0 623.0 2225.0 623.0 large-vehicle 0
2250.0 581.0 2370.0 581.0 2370.0 670.0 2250.0 670.0 large-vehicle 0
2232.0 607.0 2360.0 607.0 2360.0 701.0 2232.0 701.0 large-vehicle 0
2195.0 660.0 2316.0 660.0 2316.0 750.0 2195.0 750.0 large-vehicle 0
2066.0 900.0 2186.0 900.0 2186.0 992.0 2066.0 992.0 large-vehicle 0
2176.0 684.0 2294.0 684.0 2294.0 773.0 2176.0 773.0 large-vehicle 0
2115.0 680.0 2280.0 680.0 2280.0 798.0 2115.0 798.0 large-vehicle 0
2150.0 738.0 2267.0 738.0 2267.0 827.0 2150.0 827.0 large-vehicle 0
2128.0 763.0 2253.0 763.0 2253.0 855.0 2128.0 855.0 large-vehicle 0
2065.0 755.0 2119.0 755.0 2119.0 800.0 2065.0 800.0 small-vehicle 0
2058.0 791.0 2233.0 791.0 2233.0 915.0 2058.0 915.0 large-vehicle 0
2012.0 796.0 2197.0 796.0 2197.0 926.0 2012.0 926.0 large-vehicle 0
2070.0 868.0 2190.0 868.0 2190.0 957.0 2070.0 957.0 large-vehicle 0
235.0 312.0 308.0 312.0 308.0 407.0 235.0 407.0 large-vehicle 0
