imagesource:GoogleEarth
gsd:0.272604708179
274.0 59.0 265.0 57.0 270.0 25.0 281.0 26.0 large-vehicle 0
95.0 872.0 132.0 876.0 129.0 902.0 91.0 898.0 plane 0
194.0 227.0 193.0 236.0 172.0 234.0 174.0 224.0 small-vehicle 0
214.0 170.0 214.0 179.0 194.0 177.0 194.0 169.0 small-vehicle 0
215.0 157.0 214.0 166.0 194.0 164.0 194.0 154.0 small-vehicle 0
121.0 366.0 121.0 375.0 105.0 375.0 104.0 365.0 small-vehicle 0
106.0 436.0 104.0 444.0 85.0 442.0 88.0 433.0 small-vehicle 0
166.0 394.0 163.0 401.0 147.0 400.0 147.0 393.0 small-vehicle 1
265.0 406.0 262.0 415.0 230.0 410.0 230.0 400.0 large-vehicle 0
586.0 228.0 595.0 231.0 591.0 259.0 580.0 258.0 small-vehicle 0
378.0 299.0 388.0 302.0 386.0 324.0 376.0 326.0 small-vehicle 0
181.0 884.0 224.0 893.0 219.0 920.0 175.0 912.0 plane 0
146.0 260.0 144.0 267.0 128.0 265.0 129.0 256.0 small-vehicle 1
226.0 888.0 268.0 896.0 261.0 928.0 220.0 919.0 plane 0
314.0 904.0 356.0 914.0 349.0 945.0 308.0 936.0 plane 0
360.0 916.0 400.0 925.0 393.0 954.0 353.0 945.0 plane 0
353.0 43.0 313.0 30.0 322.0 6.0 362.0 18.0 plane 0
584.0 190.0 578.0 230.0 552.0 226.0 557.0 185.0 plane 0
575.0 235.0 569.0 274.0 541.0 269.0 548.0 230.0 plane 0
567.0 279.0 560.0 321.0 534.0 315.0 540.0 274.0 plane 0
561.0 325.0 552.0 366.0 526.0 358.0 534.0 318.0 plane 0
496.0 291.0 519.0 329.0 494.0 344.0 471.0 305.0 plane 0
191.0 249.0 189.0 256.0 171.0 254.0 173.0 245.0 small-vehicle 1
187.0 273.0 186.0 284.0 163.0 282.0 166.0 269.0 small-vehicle 1
292.0 52.0 282.0 52.0 282.0 27.0 294.0 27.0 large-vehicle 0
55.0 324.0 57.0 315.0 74.0 317.0 74.0 325.0 small-vehicle 0
305.0 60.0 296.0 59.0 296.0 28.0 309.0 28.0 large-vehicle 0
186.0 57.0 178.0 58.0 175.0 37.0 185.0 37.0 small-vehicle 1
207.0 53.0 199.0 54.0 197.0 33.0 205.0 32.0 small-vehicle 0
102.0 456.0 97.0 464.0 80.0 460.0 83.0 450.0 small-vehicle 1
96.0 394.0 97.0 387.0 113.0 387.0 113.0 396.0 small-vehicle 1
68.0 369.0 66.0 377.0 46.0 374.0 48.0 366.0 small-vehicle 1
71.0 349.0 70.0 358.0 48.0 358.0 48.0 349.0 small-vehicle 1
50.0 341.0 52.0 334.0 71.0 338.0 70.0 345.0 small-vehicle 1
53.0 333.0 54.0 326.0 71.0 330.0 71.0 337.0 small-vehicle 0
163.0 182.0 161.0 192.0 138.0 187.0 140.0 176.0 small-vehicle 1
181.0 297.0 179.0 306.0 161.0 303.0 160.0 294.0 small-vehicle 1
97.0 116.0 99.0 107.0 118.0 110.0 117.0 120.0 small-vehicle 1
92.0 146.0 92.0 136.0 110.0 138.0 108.0 148.0 small-vehicle 1
63.0 292.0 64.0 282.0 85.0 285.0 83.0 295.0 small-vehicle 1
88.0 270.0 85.0 280.0 68.0 276.0 71.0 267.0 small-vehicle 1
92.0 259.0 90.0 269.0 69.0 265.0 68.0 256.0 small-vehicle 1
73.0 245.0 74.0 238.0 91.0 239.0 92.0 247.0 small-vehicle 1
140.0 309.0 137.0 316.0 121.0 314.0 121.0 305.0 small-vehicle 1
143.0 279.0 140.0 287.0 124.0 285.0 125.0 276.0 small-vehicle 1
139.0 298.0 137.0 305.0 120.0 304.0 120.0 296.0 small-vehicle 0
481.0 266.0 476.0 299.0 454.0 295.0 459.0 262.0 plane 0
